image_width: 640
image_height: 480
camera_name: test_camera
camera_matrix:
  rows: 3
  cols: 3
  data: [705.025936,0.000000, 290.373761, 0.000000,704.124746,207.239694,0.000000 ,0.000000 ,1.000000]
distortion_model: plumb_bob
distortion_coefficients:
  rows: 1
  cols: 5
  # Intrinsic parameters 0.015208 0.010294 -0.012309 0.004298 0.00000
  data: [-0.015208, 0.010294, -0.012309, 0.004298, 0.00000]
rectification_matrix:
  rows: 3
  cols: 3
  # Extrinsic parameters 1.000000 0.000000 0.000000 0.000000 1.000000 0.000000 0.000000 0.000000 1.000000
  data: [1.000000, 0.000000, 0.000000, 0.000000, 1.000000, 0.000000, 0.000000, 0.000000, 1.000000]
  
projection_matrix:
  rows: 3
  cols: 4
  data: [714.364321 ,0.000000,292.632107,0.000000,0.000000, 709.107294, 202.490905, 0.000000, 0.000000, 0.000000, 1.000000, 0.000000]
